0.5000000 0.500000
0.2500000 0.250000
0.7500000 0.250000
0.7500000 0.750000
0.2500000 0.750000
0.4500000 0.500000
0.4000000 0.200000
0.5000000 0.200000
0.4000000 0.100000
0.4000000 0.300000
0.5000000 0.100000
0.6000000 0.300000
0.6500000 0.500000
0.7000000 0.200000
0.8000000 0.200000
0.8500000 0.100000
0.9000000 0.300000
0.9600000 0.100000
0.6100000 0.300000
0.4400000 0.510000
0.4200000 0.220000
0.5100000 0.200000
0.4000000 0.120000
0.4900000 0.300000
0.5000000 0.180000
0.6700000 0.300000
0.6500000 0.560000
0.7500000 0.200000
0.8000000 0.240000
0.8400000 0.130000
0.9000000 0.320000
0.9600000 0.110000
0.6100000 0.370000
